<?xml version="1.0" encoding="utf-8"?>
<COLLADA xmlns="http://www.collada.org/2005/11/COLLADASchema" version="1.4.1">
<asset>
	<contributor>
		<author>Anonymous</author>
		<authoring_tool>Collada Exporter for Blender 2.6+, by Juan Linietsky (juan@codenix.com)</authoring_tool>
	</contributor>
	<created>2018-01-24T19:52:51Z</created>
	<modified>2018-01-24T19:52:51Z</modified>
	<unit meter="1.0" name="meter"/>
	<up_axis>Z_UP</up_axis>
</asset>
<library_visual_scenes>
	<visual_scene id="id-scene-1" name="scene">
		<node id="Armature" name="Armature" type="NODE">
			<matrix sid="transform"> 1.0 0.0 0.0 0.0 0.0 1.0 0.0 0.0 0.0 0.0 1.0 0.0 0.0 0.0 0.0 1.0  </matrix>
			<node id="id-bone-3" sid="id-skelbones-2-0" name="Bone" type="JOINT">
				<matrix sid="transform"> 1.0 0.0 2.3841852225814364e-07 1.120651102687905e-26 2.381836736731202e-07 0.0443757027387619 -0.9990148544311523 0.6996904015541077 -1.0579991105430508e-08 0.9990148544311523 0.04437577724456787 3.6736221313476562 0.0 0.0 0.0 1.0  </matrix>
				<node id="id-bone-4" sid="id-skelbones-2-1" name="waist.L" type="JOINT">
					<matrix sid="transform"> -2.3797755943633092e-07 1.0 -1.0570857078562312e-08 -2.664535047342139e-15 -0.044375814497470856 6.297029277136865e-16 0.9990149140357971 -1.825392246246338e-07 0.9990149140357971 2.382121664368242e-07 0.044375814497470856 -1.4901161193847656e-08 0.0 0.0 0.0 1.0  </matrix>
					<node id="id-bone-5" sid="id-skelbones-2-2" name="Uleg.L" type="JOINT">
						<matrix sid="transform"> 1.788139485370266e-07 0.6408770084381104 0.7676438093185425 -5.262029745267682e-08 -1.0000001192092896 1.3010426069826053e-17 3.2782557468635787e-07 1.5091190338134766 2.3841860752327193e-07 -0.7676437497138977 0.6408768892288208 2.123668707554316e-07 0.0 0.0 0.0 1.0  </matrix>
						<node id="id-bone-6" sid="id-skelbones-2-3" name="Mleg.L" type="JOINT">
							<matrix sid="transform"> -1.0 -2.925515332208306e-07 3.813180171619024e-08 -1.1940360877815692e-07 7.04210236790459e-08 -0.36220479011535645 -0.9320985078811646 1.8341742753982544 2.864983912331809e-07 -0.9320984482765198 0.3622048497200012 -6.865323598503892e-08 0.0 0.0 0.0 1.0  </matrix>
							<node id="id-bone-7" sid="id-skelbones-2-4" name="Lleg.L" type="JOINT">
								<matrix sid="transform"> -1.0 1.1332016924825439e-07 2.592900045783608e-07 7.876494834135883e-08 -2.724009391386062e-07 -0.13739830255508423 -0.9905157685279846 1.2540485858917236 -7.661943612902178e-08 -0.9905155897140503 0.13739845156669617 -4.125244856822974e-08 0.0 0.0 0.0 1.0  </matrix>
								<node id="id-bone-8" sid="id-skelbones-2-5" name="foot.L" type="JOINT">
									<matrix sid="transform"> -1.0 -5.960465898624534e-08 -3.7536901231760567e-07 1.6356320031718496e-07 1.1426613610865388e-07 0.8947871923446655 -0.4464929699897766 1.6769545078277588 3.624884072905843e-07 -0.4464929401874542 -0.8947872519493103 -3.522660563248792e-08 0.0 0.0 0.0 1.0  </matrix>
								</node>
							</node>
						</node>
					</node>
				</node>
				<node id="id-bone-9" sid="id-skelbones-2-6" name="waist.R" type="JOINT">
					<matrix sid="transform"> 2.379774457494932e-07 -1.0 -1.0570857078562312e-08 -2.664535047342139e-15 0.044375814497470856 -6.297029277136865e-16 0.9990149140357971 -1.825392246246338e-07 -0.9990149140357971 -2.382121664368242e-07 0.044375814497470856 -1.4901161193847656e-08 0.0 0.0 0.0 1.0  </matrix>
					<node id="id-bone-10" sid="id-skelbones-2-7" name="Uleg.R" type="JOINT">
						<matrix sid="transform"> 1.7881393432617188e-07 -0.6408770084381104 -0.7676438093185425 5.324261209693759e-08 1.0000001192092896 8.673617379884035e-19 3.27825517842939e-07 1.5091190338134766 -2.384185791015625e-07 -0.7676437497138977 0.6408768892288208 2.1233928748642938e-07 0.0 0.0 0.0 1.0  </matrix>
						<node id="id-bone-11" sid="id-skelbones-2-8" name="Mleg.R" type="JOINT">
							<matrix sid="transform"> -1.0 2.9255156164254004e-07 -3.813179461076288e-08 1.196414132209611e-07 -7.042103788990062e-08 -0.36220479011535645 -0.9320985078811646 1.8341742753982544 -2.864983912331809e-07 -0.9320984482765198 0.3622048497200012 -6.914862638041086e-08 0.0 0.0 0.0 1.0  </matrix>
							<node id="id-bone-12" sid="id-skelbones-2-9" name="Lleg.R" type="JOINT">
								<matrix sid="transform"> -1.0 -1.1332016214282703e-07 -2.592900045783608e-07 -7.85053302365668e-08 2.724009391386062e-07 -0.13739830255508423 -0.9905157685279846 1.2540485858917236 7.661942902359442e-08 -0.9905155897140503 0.13739845156669617 -4.1079871948568325e-08 0.0 0.0 0.0 1.0  </matrix>
								<node id="id-bone-13" sid="id-skelbones-2-10" name="foot.R" type="JOINT">
									<matrix sid="transform"> -1.0 5.960465898624534e-08 3.7536898389589624e-07 -1.6354159981801786e-07 -1.1426613610865388e-07 0.8947871923446655 -0.4464929699897766 1.6769545078277588 -3.624884072905843e-07 -0.4464929401874542 -0.8947872519493103 -3.579575036383176e-08 0.0 0.0 0.0 1.0  </matrix>
								</node>
							</node>
						</node>
					</node>
				</node>
			</node>
		</node>
	</visual_scene>
</library_visual_scenes>
<library_animations>
	<animation id="id-anim-14">
		<source id="id-anim-14-input">
			<float_array id="id-anim-14-input-array" count="80"> 0.0 0.016666666666666666 0.03333333333333334 0.05 0.06666666666666667 0.08333333333333334 0.1 0.11666666666666667 0.13333333333333333 0.15 0.16666666666666666 0.18333333333333335 0.2 0.21666666666666667 0.23333333333333334 0.25 0.26666666666666666 0.2833333333333333 0.3 0.31666666666666665 0.3333333333333333 0.35 0.36666666666666664 0.38333333333333336 0.4 0.4166666666666667 0.43333333333333335 0.45 0.4666666666666667 0.48333333333333334 0.49999999999999994 0.5166666666666666 0.5333333333333333 0.5499999999999999 0.5666666666666667 0.5833333333333333 0.6 0.6166666666666666 0.6333333333333333 0.6499999999999999 0.6666666666666666 0.6833333333333332 0.7 0.7166666666666666 0.7333333333333333 0.7499999999999999 0.7666666666666666 0.7833333333333333 0.7999999999999999 0.8166666666666667 0.8333333333333333 0.85 0.8666666666666666 0.8833333333333333 0.8999999999999999 0.9166666666666666 0.9333333333333332 0.95 0.9666666666666666 0.9833333333333333 0.9999999999999999 1.0166666666666666 1.0333333333333334 1.05 1.0666666666666667 1.0833333333333335 1.1 1.1166666666666667 1.1333333333333333 1.1500000000000001 1.1666666666666667 1.1833333333333333 1.2 1.2166666666666668 1.2333333333333334 1.25 1.2666666666666666 1.2833333333333334 1.3 1.3166666666666667</float_array>
			<technique_common>
				<accessor source="#id-anim-14-input-array" count="80" stride="1">
					<param name="TIME" type="float"/>
				</accessor>
			</technique_common>
		</source>
		<source id="id-anim-14-transform-output">
			<float_array id="id-anim-14-transform-output-array" count="1280">  1.8311641269974643e-07 0.6408770680427551 0.7676437497138977 -5.262029745267682e-08 -0.9848079085350037 0.13329993188381195 -0.11128681898117065 1.5091190338134766 -0.1736479550600052 -0.7559815049171448 0.6311406493186951 2.123668707554316e-07 0.0 0.0 0.0 1.0    1.8311641269974643e-07 0.6408770680427551 0.7676437497138977 -5.262029745267682e-08 -0.9848079085350037 0.13329993188381195 -0.11128681898117065 1.5091190338134766 -0.1736479550600052 -0.7559815049171448 0.6311406493186951 2.123668707554316e-07 0.0 0.0 0.0 1.0    1.8311641269974643e-07 0.6408770680427551 0.7676437497138977 -5.262029745267682e-08 -0.9848079085350037 0.13329993188381195 -0.11128681898117065 1.5091190338134766 -0.1736479550600052 -0.7559815049171448 0.6311406493186951 2.123668707554316e-07 0.0 0.0 0.0 1.0    1.8311641269974643e-07 0.6408770680427551 0.7676437497138977 -5.262029745267682e-08 -0.9848079085350037 0.13329993188381195 -0.11128681898117065 1.5091190338134766 -0.1736479550600052 -0.7559815049171448 0.6311406493186951 2.123668707554316e-07 0.0 0.0 0.0 1.0    1.8311641269974643e-07 0.6408770680427551 0.7676437497138977 -5.262029745267682e-08 -0.9848079085350037 0.13329993188381195 -0.11128681898117065 1.5091190338134766 -0.1736479550600052 -0.7559815049171448 0.6311406493186951 2.123668707554316e-07 0.0 0.0 0.0 1.0    1.8311641269974643e-07 0.6408770680427551 0.7676437497138977 -5.262029745267682e-08 -0.9848079085350037 0.13329993188381195 -0.11128681898117065 1.5091190338134766 -0.1736479550600052 -0.7559815049171448 0.6311406493186951 2.123668707554316e-07 0.0 0.0 0.0 1.0    1.8311641269974643e-07 0.6408770680427551 0.7676437497138977 -5.262029745267682e-08 -0.9848079085350037 0.13329993188381195 -0.11128681898117065 1.5091190338134766 -0.1736479550600052 -0.7559815049171448 0.6311406493186951 2.123668707554316e-07 0.0 0.0 0.0 1.0    1.8311641269974643e-07 0.6408770680427551 0.7676437497138977 -5.262029745267682e-08 -0.9848079085350037 0.13329993188381195 -0.11128681898117065 1.5091190338134766 -0.1736479550600052 -0.7559815049171448 0.6311406493186951 2.123668707554316e-07 0.0 0.0 0.0 1.0    1.8311641269974643e-07 0.6408770680427551 0.7676437497138977 -5.262029745267682e-08 -0.9848079085350037 0.13329993188381195 -0.11128681898117065 1.5091190338134766 -0.1736479550600052 -0.7559815049171448 0.6311406493186951 2.123668707554316e-07 0.0 0.0 0.0 1.0    1.8311641269974643e-07 0.6408770680427551 0.7676437497138977 -5.262029745267682e-08 -0.9848079085350037 0.13329993188381195 -0.11128681898117065 1.5091190338134766 -0.1736479550600052 -0.7559815049171448 0.6311406493186951 2.123668707554316e-07 0.0 0.0 0.0 1.0    1.8311641269974643e-07 0.6408770680427551 0.7676437497138977 -5.262029745267682e-08 -0.9848079085350037 0.13329993188381195 -0.11128681898117065 1.5091190338134766 -0.1736479550600052 -0.7559815049171448 0.6311406493186951 2.123668707554316e-07 0.0 0.0 0.0 1.0    1.8311641269974643e-07 0.6408770680427551 0.7676437497138977 -5.262029745267682e-08 -0.9848079085350037 0.13329993188381195 -0.11128681898117065 1.5091190338134766 -0.1736479550600052 -0.7559815049171448 0.6311406493186951 2.123668707554316e-07 0.0 0.0 0.0 1.0    1.8311641269974643e-07 0.6408770680427551 0.7676437497138977 -5.262029745267682e-08 -0.9848079085350037 0.13329993188381195 -0.11128681898117065 1.5091190338134766 -0.1736479550600052 -0.7559815049171448 0.6311406493186951 2.123668707554316e-07 0.0 0.0 0.0 1.0    1.8311641269974643e-07 0.6408770680427551 0.7676437497138977 -5.262029745267682e-08 -0.9848079085350037 0.13329993188381195 -0.11128681898117065 1.5091190338134766 -0.1736479550600052 -0.7559815049171448 0.6311406493186951 2.123668707554316e-07 0.0 0.0 0.0 1.0    1.8311641269974643e-07 0.6408770680427551 0.7676437497138977 -5.262029745267682e-08 -0.9848079085350037 0.13329993188381195 -0.11128681898117065 1.5091190338134766 -0.1736479550600052 -0.7559815049171448 0.6311406493186951 2.123668707554316e-07 0.0 0.0 0.0 1.0    1.8311641269974643e-07 0.6408770680427551 0.7676437497138977 -5.262029745267682e-08 -0.9848079085350037 0.13329993188381195 -0.11128681898117065 1.5091190338134766 -0.1736479550600052 -0.7559815049171448 0.6311406493186951 2.123668707554316e-07 0.0 0.0 0.0 1.0    1.8311641269974643e-07 0.6408770680427551 0.7676437497138977 -5.262029745267682e-08 -0.9848079085350037 0.13329993188381195 -0.11128681898117065 1.5091190338134766 -0.1736479550600052 -0.7559815049171448 0.6311406493186951 2.123668707554316e-07 0.0 0.0 0.0 1.0    1.8311641269974643e-07 0.6408770680427551 0.7676437497138977 -5.262029745267682e-08 -0.9848079085350037 0.13329993188381195 -0.11128681898117065 1.5091190338134766 -0.1736479550600052 -0.7559815049171448 0.6311406493186951 2.123668707554316e-07 0.0 0.0 0.0 1.0    1.8311641269974643e-07 0.6408770680427551 0.7676437497138977 -5.262029745267682e-08 -0.9848079085350037 0.13329993188381195 -0.11128681898117065 1.5091190338134766 -0.1736479550600052 -0.7559815049171448 0.6311406493186951 2.123668707554316e-07 0.0 0.0 0.0 1.0    1.8311641269974643e-07 0.6408770680427551 0.7676437497138977 -5.262029745267682e-08 -0.9848079085350037 0.13329993188381195 -0.11128681898117065 1.5091190338134766 -0.1736479550600052 -0.7559815049171448 0.6311406493186951 2.123668707554316e-07 0.0 0.0 0.0 1.0    1.8311641269974643e-07 0.6408770680427551 0.7676437497138977 -5.262029745267682e-08 -0.9848079085350037 0.13329993188381195 -0.11128681898117065 1.5091190338134766 -0.1736479550600052 -0.7559815049171448 0.6311406493186951 2.123668707554316e-07 0.0 0.0 0.0 1.0    1.8311641269974643e-07 0.6408770680427551 0.7676437497138977 -5.262029745267682e-08 -0.9848079085350037 0.13329993188381195 -0.11128681898117065 1.5091190338134766 -0.1736479550600052 -0.7559815049171448 0.6311406493186951 2.123668707554316e-07 0.0 0.0 0.0 1.0    1.8311641269974643e-07 0.6408770680427551 0.7676437497138977 -5.262029745267682e-08 -0.9848079085350037 0.13329993188381195 -0.11128681898117065 1.5091190338134766 -0.1736479550600052 -0.7559815049171448 0.6311406493186951 2.123668707554316e-07 0.0 0.0 0.0 1.0    1.8311641269974643e-07 0.6408770680427551 0.7676437497138977 -5.262029745267682e-08 -0.9848079085350037 0.13329993188381195 -0.11128681898117065 1.5091190338134766 -0.1736479550600052 -0.7559815049171448 0.6311406493186951 2.123668707554316e-07 0.0 0.0 0.0 1.0    1.8311641269974643e-07 0.6408770680427551 0.7676437497138977 -5.262029745267682e-08 -0.9848079085350037 0.13329993188381195 -0.11128681898117065 1.5091190338134766 -0.1736479550600052 -0.7559815049171448 0.6311406493186951 2.123668707554316e-07 0.0 0.0 0.0 1.0    1.8311641269974643e-07 0.6408770680427551 0.7676437497138977 -5.262029745267682e-08 -0.9848079085350037 0.13329993188381195 -0.11128681898117065 1.5091190338134766 -0.1736479550600052 -0.7559815049171448 0.6311406493186951 2.123668707554316e-07 0.0 0.0 0.0 1.0    1.8311641269974643e-07 0.6408770680427551 0.7676437497138977 -5.262029745267682e-08 -0.9848079085350037 0.13329993188381195 -0.11128681898117065 1.5091190338134766 -0.1736479550600052 -0.7559815049171448 0.6311406493186951 2.123668707554316e-07 0.0 0.0 0.0 1.0    1.8311641269974643e-07 0.6408770680427551 0.7676437497138977 -5.262029745267682e-08 -0.9848079085350037 0.13329993188381195 -0.11128681898117065 1.5091190338134766 -0.1736479550600052 -0.7559815049171448 0.6311406493186951 2.123668707554316e-07 0.0 0.0 0.0 1.0    1.8311641269974643e-07 0.6408770680427551 0.7676437497138977 -5.262029745267682e-08 -0.9848079085350037 0.13329993188381195 -0.11128681898117065 1.5091190338134766 -0.1736479550600052 -0.7559815049171448 0.6311406493186951 2.123668707554316e-07 0.0 0.0 0.0 1.0    1.8311641269974643e-07 0.6408770680427551 0.7676437497138977 -5.262029745267682e-08 -0.9848079085350037 0.13329993188381195 -0.11128681898117065 1.5091190338134766 -0.1736479550600052 -0.7559815049171448 0.6311406493186951 2.123668707554316e-07 0.0 0.0 0.0 1.0    1.8311641269974643e-07 0.6408770680427551 0.7676437497138977 -5.262029745267682e-08 -0.9848079085350037 0.13329993188381195 -0.11128681898117065 1.5091190338134766 -0.1736479550600052 -0.7559815049171448 0.6311406493186951 2.123668707554316e-07 0.0 0.0 0.0 1.0    1.8311641269974643e-07 0.6408770680427551 0.7676437497138977 -5.262029745267682e-08 -0.9848079085350037 0.13329993188381195 -0.11128681898117065 1.5091190338134766 -0.1736479550600052 -0.7559815049171448 0.6311406493186951 2.123668707554316e-07 0.0 0.0 0.0 1.0    1.8311641269974643e-07 0.6408770680427551 0.7676437497138977 -5.262029745267682e-08 -0.9848079085350037 0.13329993188381195 -0.11128681898117065 1.5091190338134766 -0.1736479550600052 -0.7559815049171448 0.6311406493186951 2.123668707554316e-07 0.0 0.0 0.0 1.0    1.8311641269974643e-07 0.6408770680427551 0.7676437497138977 -5.262029745267682e-08 -0.9848079085350037 0.13329993188381195 -0.11128681898117065 1.5091190338134766 -0.1736479550600052 -0.7559815049171448 0.6311406493186951 2.123668707554316e-07 0.0 0.0 0.0 1.0    1.8311641269974643e-07 0.6408770680427551 0.7676437497138977 -5.262029745267682e-08 -0.9848079085350037 0.13329993188381195 -0.11128681898117065 1.5091190338134766 -0.1736479550600052 -0.7559815049171448 0.6311406493186951 2.123668707554316e-07 0.0 0.0 0.0 1.0    1.8311641269974643e-07 0.6408770680427551 0.7676437497138977 -5.262029745267682e-08 -0.9848079085350037 0.13329993188381195 -0.11128681898117065 1.5091190338134766 -0.1736479550600052 -0.7559815049171448 0.6311406493186951 2.123668707554316e-07 0.0 0.0 0.0 1.0    1.8311641269974643e-07 0.6408770680427551 0.7676437497138977 -5.262029745267682e-08 -0.9848079085350037 0.13329993188381195 -0.11128681898117065 1.5091190338134766 -0.1736479550600052 -0.7559815049171448 0.6311406493186951 2.123668707554316e-07 0.0 0.0 0.0 1.0    1.8311641269974643e-07 0.6408770680427551 0.7676437497138977 -5.262029745267682e-08 -0.9848079085350037 0.13329993188381195 -0.11128681898117065 1.5091190338134766 -0.1736479550600052 -0.7559815049171448 0.6311406493186951 2.123668707554316e-07 0.0 0.0 0.0 1.0    1.8311641269974643e-07 0.6408770680427551 0.7676437497138977 -5.262029745267682e-08 -0.9848079085350037 0.13329993188381195 -0.11128681898117065 1.5091190338134766 -0.1736479550600052 -0.7559815049171448 0.6311406493186951 2.123668707554316e-07 0.0 0.0 0.0 1.0    1.8311641269974643e-07 0.6408770680427551 0.7676437497138977 -5.262029745267682e-08 -0.9848079085350037 0.13329993188381195 -0.11128681898117065 1.5091190338134766 -0.1736479550600052 -0.7559815049171448 0.6311406493186951 2.123668707554316e-07 0.0 0.0 0.0 1.0    1.8311641269974643e-07 0.6408770680427551 0.7676437497138977 -5.262029745267682e-08 -0.9848079085350037 0.13329993188381195 -0.11128681898117065 1.5091190338134766 -0.1736479550600052 -0.7559815049171448 0.6311406493186951 2.123668707554316e-07 0.0 0.0 0.0 1.0    1.8311641269974643e-07 0.6408770680427551 0.7676437497138977 -5.262029745267682e-08 -0.9848079085350037 0.13329993188381195 -0.11128681898117065 1.5091190338134766 -0.1736479550600052 -0.7559815049171448 0.6311406493186951 2.123668707554316e-07 0.0 0.0 0.0 1.0    1.8311641269974643e-07 0.6408770680427551 0.7676437497138977 -5.262029745267682e-08 -0.9848079085350037 0.13329993188381195 -0.11128681898117065 1.5091190338134766 -0.1736479550600052 -0.7559815049171448 0.6311406493186951 2.123668707554316e-07 0.0 0.0 0.0 1.0    1.8311641269974643e-07 0.6408770680427551 0.7676437497138977 -5.262029745267682e-08 -0.9848079085350037 0.13329993188381195 -0.11128681898117065 1.5091190338134766 -0.1736479550600052 -0.7559815049171448 0.6311406493186951 2.123668707554316e-07 0.0 0.0 0.0 1.0    1.8311641269974643e-07 0.6408770680427551 0.7676437497138977 -5.262029745267682e-08 -0.9848079085350037 0.13329993188381195 -0.11128681898117065 1.5091190338134766 -0.1736479550600052 -0.7559815049171448 0.6311406493186951 2.123668707554316e-07 0.0 0.0 0.0 1.0    1.8311641269974643e-07 0.6408770680427551 0.7676437497138977 -5.262029745267682e-08 -0.9848079085350037 0.13329993188381195 -0.11128681898117065 1.5091190338134766 -0.1736479550600052 -0.7559815049171448 0.6311406493186951 2.123668707554316e-07 0.0 0.0 0.0 1.0    1.8311641269974643e-07 0.6408770680427551 0.7676437497138977 -5.262029745267682e-08 -0.9848079085350037 0.13329993188381195 -0.11128681898117065 1.5091190338134766 -0.1736479550600052 -0.7559815049171448 0.6311406493186951 2.123668707554316e-07 0.0 0.0 0.0 1.0    1.8311641269974643e-07 0.6408770680427551 0.7676437497138977 -5.262029745267682e-08 -0.9848079085350037 0.13329993188381195 -0.11128681898117065 1.5091190338134766 -0.1736479550600052 -0.7559815049171448 0.6311406493186951 2.123668707554316e-07 0.0 0.0 0.0 1.0    1.8311641269974643e-07 0.6408770680427551 0.7676437497138977 -5.262029745267682e-08 -0.9848079085350037 0.13329993188381195 -0.11128681898117065 1.5091190338134766 -0.1736479550600052 -0.7559815049171448 0.6311406493186951 2.123668707554316e-07 0.0 0.0 0.0 1.0    1.8311641269974643e-07 0.6408770680427551 0.7676437497138977 -5.262029745267682e-08 -0.9848079085350037 0.13329993188381195 -0.11128681898117065 1.5091190338134766 -0.1736479550600052 -0.7559815049171448 0.6311406493186951 2.123668707554316e-07 0.0 0.0 0.0 1.0    1.8311641269974643e-07 0.6408770680427551 0.7676437497138977 -5.262029745267682e-08 -0.9848079085350037 0.13329993188381195 -0.11128681898117065 1.5091190338134766 -0.1736479550600052 -0.7559815049171448 0.6311406493186951 2.123668707554316e-07 0.0 0.0 0.0 1.0    1.8311641269974643e-07 0.6408770680427551 0.7676437497138977 -5.262029745267682e-08 -0.9848079085350037 0.13329993188381195 -0.11128681898117065 1.5091190338134766 -0.1736479550600052 -0.7559815049171448 0.6311406493186951 2.123668707554316e-07 0.0 0.0 0.0 1.0    1.8311641269974643e-07 0.6408770680427551 0.7676437497138977 -5.262029745267682e-08 -0.9848079085350037 0.13329993188381195 -0.11128681898117065 1.5091190338134766 -0.1736479550600052 -0.7559815049171448 0.6311406493186951 2.123668707554316e-07 0.0 0.0 0.0 1.0    1.8311641269974643e-07 0.6408770680427551 0.7676437497138977 -5.262029745267682e-08 -0.9848079085350037 0.13329993188381195 -0.11128681898117065 1.5091190338134766 -0.1736479550600052 -0.7559815049171448 0.6311406493186951 2.123668707554316e-07 0.0 0.0 0.0 1.0    1.8311641269974643e-07 0.6408770680427551 0.7676437497138977 -5.262029745267682e-08 -0.9848079085350037 0.13329993188381195 -0.11128681898117065 1.5091190338134766 -0.1736479550600052 -0.7559815049171448 0.6311406493186951 2.123668707554316e-07 0.0 0.0 0.0 1.0    1.8311641269974643e-07 0.6408770680427551 0.7676437497138977 -5.262029745267682e-08 -0.9848079085350037 0.13329993188381195 -0.11128681898117065 1.5091190338134766 -0.1736479550600052 -0.7559815049171448 0.6311406493186951 2.123668707554316e-07 0.0 0.0 0.0 1.0    1.8311641269974643e-07 0.6408770680427551 0.7676437497138977 -5.262029745267682e-08 -0.9848079085350037 0.13329993188381195 -0.11128681898117065 1.5091190338134766 -0.1736479550600052 -0.7559815049171448 0.6311406493186951 2.123668707554316e-07 0.0 0.0 0.0 1.0    1.8311641269974643e-07 0.6408770680427551 0.7676437497138977 -5.262029745267682e-08 -0.9848079085350037 0.13329993188381195 -0.11128681898117065 1.5091190338134766 -0.1736479550600052 -0.7559815049171448 0.6311406493186951 2.123668707554316e-07 0.0 0.0 0.0 1.0    1.8311641269974643e-07 0.6408770680427551 0.7676437497138977 -5.262029745267682e-08 -0.9848079085350037 0.13329993188381195 -0.11128681898117065 1.5091190338134766 -0.1736479550600052 -0.7559815049171448 0.6311406493186951 2.123668707554316e-07 0.0 0.0 0.0 1.0    1.8311641269974643e-07 0.6408770680427551 0.7676437497138977 -5.262029745267682e-08 -0.9848079085350037 0.13329993188381195 -0.11128681898117065 1.5091190338134766 -0.1736479550600052 -0.7559815049171448 0.6311406493186951 2.123668707554316e-07 0.0 0.0 0.0 1.0    1.8311641269974643e-07 0.6408770680427551 0.7676437497138977 -5.262029745267682e-08 -0.9848079085350037 0.13329993188381195 -0.11128681898117065 1.5091190338134766 -0.1736479550600052 -0.7559815049171448 0.6311406493186951 2.123668707554316e-07 0.0 0.0 0.0 1.0    1.8311641269974643e-07 0.6408770680427551 0.7676437497138977 -5.262029745267682e-08 -0.9848079085350037 0.13329993188381195 -0.11128681898117065 1.5091190338134766 -0.1736479550600052 -0.7559815049171448 0.6311406493186951 2.123668707554316e-07 0.0 0.0 0.0 1.0    1.8311641269974643e-07 0.6408770680427551 0.7676437497138977 -5.262029745267682e-08 -0.9848079085350037 0.13329993188381195 -0.11128681898117065 1.5091190338134766 -0.1736479550600052 -0.7559815049171448 0.6311406493186951 2.123668707554316e-07 0.0 0.0 0.0 1.0    1.8311641269974643e-07 0.6408770680427551 0.7676437497138977 -5.262029745267682e-08 -0.9848079085350037 0.13329993188381195 -0.11128681898117065 1.5091190338134766 -0.1736479550600052 -0.7559815049171448 0.6311406493186951 2.123668707554316e-07 0.0 0.0 0.0 1.0    1.8311641269974643e-07 0.6408770680427551 0.7676437497138977 -5.262029745267682e-08 -0.9848079085350037 0.13329993188381195 -0.11128681898117065 1.5091190338134766 -0.1736479550600052 -0.7559815049171448 0.6311406493186951 2.123668707554316e-07 0.0 0.0 0.0 1.0    1.8311641269974643e-07 0.6408770680427551 0.7676437497138977 -5.262029745267682e-08 -0.9848079085350037 0.13329993188381195 -0.11128681898117065 1.5091190338134766 -0.1736479550600052 -0.7559815049171448 0.6311406493186951 2.123668707554316e-07 0.0 0.0 0.0 1.0    1.8311641269974643e-07 0.6408770680427551 0.7676437497138977 -5.262029745267682e-08 -0.9848079085350037 0.13329993188381195 -0.11128681898117065 1.5091190338134766 -0.1736479550600052 -0.7559815049171448 0.6311406493186951 2.123668707554316e-07 0.0 0.0 0.0 1.0    1.8311641269974643e-07 0.6408770680427551 0.7676437497138977 -5.262029745267682e-08 -0.9848079085350037 0.13329993188381195 -0.11128681898117065 1.5091190338134766 -0.1736479550600052 -0.7559815049171448 0.6311406493186951 2.123668707554316e-07 0.0 0.0 0.0 1.0    1.8311641269974643e-07 0.6408770680427551 0.7676437497138977 -5.262029745267682e-08 -0.9848079085350037 0.13329993188381195 -0.11128681898117065 1.5091190338134766 -0.1736479550600052 -0.7559815049171448 0.6311406493186951 2.123668707554316e-07 0.0 0.0 0.0 1.0    1.8311641269974643e-07 0.6408770680427551 0.7676437497138977 -5.262029745267682e-08 -0.9848079085350037 0.13329993188381195 -0.11128681898117065 1.5091190338134766 -0.1736479550600052 -0.7559815049171448 0.6311406493186951 2.123668707554316e-07 0.0 0.0 0.0 1.0    1.8311641269974643e-07 0.6408770680427551 0.7676437497138977 -5.262029745267682e-08 -0.9848079085350037 0.13329993188381195 -0.11128681898117065 1.5091190338134766 -0.1736479550600052 -0.7559815049171448 0.6311406493186951 2.123668707554316e-07 0.0 0.0 0.0 1.0    1.8311641269974643e-07 0.6408770680427551 0.7676437497138977 -5.262029745267682e-08 -0.9848079085350037 0.13329993188381195 -0.11128681898117065 1.5091190338134766 -0.1736479550600052 -0.7559815049171448 0.6311406493186951 2.123668707554316e-07 0.0 0.0 0.0 1.0    1.8311641269974643e-07 0.6408770680427551 0.7676437497138977 -5.262029745267682e-08 -0.9848079085350037 0.13329993188381195 -0.11128681898117065 1.5091190338134766 -0.1736479550600052 -0.7559815049171448 0.6311406493186951 2.123668707554316e-07 0.0 0.0 0.0 1.0    1.8311641269974643e-07 0.6408770680427551 0.7676437497138977 -5.262029745267682e-08 -0.9848079085350037 0.13329993188381195 -0.11128681898117065 1.5091190338134766 -0.1736479550600052 -0.7559815049171448 0.6311406493186951 2.123668707554316e-07 0.0 0.0 0.0 1.0    1.8311641269974643e-07 0.6408770680427551 0.7676437497138977 -5.262029745267682e-08 -0.9848079085350037 0.13329993188381195 -0.11128681898117065 1.5091190338134766 -0.1736479550600052 -0.7559815049171448 0.6311406493186951 2.123668707554316e-07 0.0 0.0 0.0 1.0    1.8311641269974643e-07 0.6408770680427551 0.7676437497138977 -5.262029745267682e-08 -0.9848079085350037 0.13329993188381195 -0.11128681898117065 1.5091190338134766 -0.1736479550600052 -0.7559815049171448 0.6311406493186951 2.123668707554316e-07 0.0 0.0 0.0 1.0    1.8311641269974643e-07 0.6408770680427551 0.7676437497138977 -5.262029745267682e-08 -0.9848079085350037 0.13329993188381195 -0.11128681898117065 1.5091190338134766 -0.1736479550600052 -0.7559815049171448 0.6311406493186951 2.123668707554316e-07 0.0 0.0 0.0 1.0    1.8311641269974643e-07 0.6408770680427551 0.7676437497138977 -5.262029745267682e-08 -0.9848079085350037 0.13329993188381195 -0.11128681898117065 1.5091190338134766 -0.1736479550600052 -0.7559815049171448 0.6311406493186951 2.123668707554316e-07 0.0 0.0 0.0 1.0    1.8311641269974643e-07 0.6408770680427551 0.7676437497138977 -5.262029745267682e-08 -0.9848079085350037 0.13329993188381195 -0.11128681898117065 1.5091190338134766 -0.1736479550600052 -0.7559815049171448 0.6311406493186951 2.123668707554316e-07 0.0 0.0 0.0 1.0    1.8311641269974643e-07 0.6408770680427551 0.7676437497138977 -5.262029745267682e-08 -0.9848079085350037 0.13329993188381195 -0.11128681898117065 1.5091190338134766 -0.1736479550600052 -0.7559815049171448 0.6311406493186951 2.123668707554316e-07 0.0 0.0 0.0 1.0  </float_array>
			<technique_common>
				<accessor source="#id-anim-14-transform-output-array" count="80" stride="16">
					<param name="TRANSFORM" type="float4x4"/>
				</accessor>
			</technique_common>
		</source>
		<source id="id-anim-14-interpolation-output">
			<Name_array id="id-anim-14-interpolation-output-array" count="80"> LINEAR LINEAR LINEAR LINEAR LINEAR LINEAR LINEAR LINEAR LINEAR LINEAR LINEAR LINEAR LINEAR LINEAR LINEAR LINEAR LINEAR LINEAR LINEAR LINEAR LINEAR LINEAR LINEAR LINEAR LINEAR LINEAR LINEAR LINEAR LINEAR LINEAR LINEAR LINEAR LINEAR LINEAR LINEAR LINEAR LINEAR LINEAR LINEAR LINEAR LINEAR LINEAR LINEAR LINEAR LINEAR LINEAR LINEAR LINEAR LINEAR LINEAR LINEAR LINEAR LINEAR LINEAR LINEAR LINEAR LINEAR LINEAR LINEAR LINEAR LINEAR LINEAR LINEAR LINEAR LINEAR LINEAR LINEAR LINEAR LINEAR LINEAR LINEAR LINEAR LINEAR LINEAR LINEAR LINEAR LINEAR LINEAR LINEAR LINEAR</Name_array>
			<technique_common>
				<accessor source="#id-anim-14-interpolation-output-array" count="80" stride="1">
					<param name="INTERPOLATION" type="Name"/>
				</accessor>
			</technique_common>
		</source>
		<sampler id="id-anim-14-sampler">
			<input semantic="INPUT" source="#id-anim-14-input"/>
			<input semantic="OUTPUT" source="#id-anim-14-transform-output"/>
			<input semantic="INTERPOLATION" source="#id-anim-14-interpolation-output"/>
		</sampler>
		<channel source="#id-anim-14-sampler" target="id-bone-5/transform"/>
	</animation>
	<animation id="id-anim-15">
		<source id="id-anim-15-input">
			<float_array id="id-anim-15-input-array" count="80"> 0.0 0.016666666666666666 0.03333333333333334 0.05 0.06666666666666667 0.08333333333333334 0.1 0.11666666666666667 0.13333333333333333 0.15 0.16666666666666666 0.18333333333333335 0.2 0.21666666666666667 0.23333333333333334 0.25 0.26666666666666666 0.2833333333333333 0.3 0.31666666666666665 0.3333333333333333 0.35 0.36666666666666664 0.38333333333333336 0.4 0.4166666666666667 0.43333333333333335 0.45 0.4666666666666667 0.48333333333333334 0.49999999999999994 0.5166666666666666 0.5333333333333333 0.5499999999999999 0.5666666666666667 0.5833333333333333 0.6 0.6166666666666666 0.6333333333333333 0.6499999999999999 0.6666666666666666 0.6833333333333332 0.7 0.7166666666666666 0.7333333333333333 0.7499999999999999 0.7666666666666666 0.7833333333333333 0.7999999999999999 0.8166666666666667 0.8333333333333333 0.85 0.8666666666666666 0.8833333333333333 0.8999999999999999 0.9166666666666666 0.9333333333333332 0.95 0.9666666666666666 0.9833333333333333 0.9999999999999999 1.0166666666666666 1.0333333333333334 1.05 1.0666666666666667 1.0833333333333335 1.1 1.1166666666666667 1.1333333333333333 1.1500000000000001 1.1666666666666667 1.1833333333333333 1.2 1.2166666666666668 1.2333333333333334 1.25 1.2666666666666666 1.2833333333333334 1.3 1.3166666666666667</float_array>
			<technique_common>
				<accessor source="#id-anim-15-input-array" count="80" stride="1">
					<param name="TIME" type="float"/>
				</accessor>
			</technique_common>
		</source>
		<source id="id-anim-15-transform-output">
