<?xml version="1.0" encoding="utf-8"?>
<COLLADA xmlns="http://www.collada.org/2005/11/COLLADASchema" version="1.4.1">
<asset>
	<contributor>
		<author>Anonymous</author>
		<authoring_tool>Collada Exporter for Blender 2.6+, by Juan Linietsky (juan@codenix.com)</authoring_tool>
	</contributor>
	<created>2018-01-24T19:54:37Z</created>
	<modified>2018-01-24T19:54:37Z</modified>
	<unit meter="1.0" name="meter"/>
	<up_axis>Z_UP</up_axis>
</asset>
<library_visual_scenes>
	<visual_scene id="id-scene-1" name="scene">
		<node id="Armature" name="Armature" type="NODE">
			<matrix sid="transform"> 1.0 0.0 0.0 0.0 0.0 1.0 0.0 0.0 0.0 0.0 1.0 0.0 0.0 0.0 0.0 1.0  </matrix>
			<node id="id-bone-3" sid="id-skelbones-2-0" name="Bone" type="JOINT">
				<matrix sid="transform"> 1.0 0.0 2.3841852225814364e-07 1.120651102687905e-26 2.381836736731202e-07 0.0443757027387619 -0.9990148544311523 0.6996904015541077 -1.0579991105430508e-08 0.9990148544311523 0.04437577724456787 3.6736221313476562 0.0 0.0 0.0 1.0  </matrix>
				<node id="id-bone-4" sid="id-skelbones-2-1" name="waist.L" type="JOINT">
					<matrix sid="transform"> -2.3797755943633092e-07 1.0 -1.0570857078562312e-08 -2.664535047342139e-15 -0.044375814497470856 6.297029277136865e-16 0.9990149140357971 -1.825392246246338e-07 0.9990149140357971 2.382121664368242e-07 0.044375814497470856 -1.4901161193847656e-08 0.0 0.0 0.0 1.0  </matrix>
					<node id="id-bone-5" sid="id-skelbones-2-2" name="Uleg.L" type="JOINT">
						<matrix sid="transform"> 1.788139485370266e-07 0.6408770084381104 0.7676438093185425 -5.262029745267682e-08 -1.0000001192092896 1.3010426069826053e-17 3.2782557468635787e-07 1.5091190338134766 2.3841860752327193e-07 -0.7676437497138977 0.6408768892288208 2.123668707554316e-07 0.0 0.0 0.0 1.0  </matrix>
						<node id="id-bone-6" sid="id-skelbones-2-3" name="Mleg.L" type="JOINT">
							<matrix sid="transform"> -1.0 -2.925515332208306e-07 3.813180171619024e-08 -1.1940360877815692e-07 7.04210236790459e-08 -0.36220479011535645 -0.9320985078811646 1.8341742753982544 2.864983912331809e-07 -0.9320984482765198 0.3622048497200012 -6.865323598503892e-08 0.0 0.0 0.0 1.0  </matrix>
							<node id="id-bone-7" sid="id-skelbones-2-4" name="Lleg.L" type="JOINT">
								<matrix sid="transform"> -1.0 1.1332016924825439e-07 2.592900045783608e-07 7.876494834135883e-08 -2.724009391386062e-07 -0.13739830255508423 -0.9905157685279846 1.2540485858917236 -7.661943612902178e-08 -0.9905155897140503 0.13739845156669617 -4.125244856822974e-08 0.0 0.0 0.0 1.0  </matrix>
								<node id="id-bone-8" sid="id-skelbones-2-5" name="foot.L" type="JOINT">
									<matrix sid="transform"> -1.0 -5.960465898624534e-08 -3.7536901231760567e-07 1.6356320031718496e-07 1.1426613610865388e-07 0.8947871923446655 -0.4464929699897766 1.6769545078277588 3.624884072905843e-07 -0.4464929401874542 -0.8947872519493103 -3.522660563248792e-08 0.0 0.0 0.0 1.0  </matrix>
								</node>
							</node>
						</node>
					</node>
				</node>
				<node id="id-bone-9" sid="id-skelbones-2-6" name="waist.R" type="JOINT">
					<matrix sid="transform"> 2.379774457494932e-07 -1.0 -1.0570857078562312e-08 -2.664535047342139e-15 0.044375814497470856 -6.297029277136865e-16 0.9990149140357971 -1.825392246246338e-07 -0.9990149140357971 -2.382121664368242e-07 0.044375814497470856 -1.4901161193847656e-08 0.0 0.0 0.0 1.0  </matrix>
					<node id="id-bone-10" sid="id-skelbones-2-7" name="Uleg.R" type="JOINT">
						<matrix sid="transform"> 1.7881393432617188e-07 -0.6408770084381104 -0.7676438093185425 5.324261209693759e-08 1.0000001192092896 8.673617379884035e-19 3.27825517842939e-07 1.5091190338134766 -2.384185791015625e-07 -0.7676437497138977 0.6408768892288208 2.1233928748642938e-07 0.0 0.0 0.0 1.0  </matrix>
						<node id="id-bone-11" sid="id-skelbones-2-8" name="Mleg.R" type="JOINT">
							<matrix sid="transform"> -1.0 2.9255156164254004e-07 -3.813179461076288e-08 1.196414132209611e-07 -7.042103788990062e-08 -0.36220479011535645 -0.9320985078811646 1.8341742753982544 -2.864983912331809e-07 -0.9320984482765198 0.3622048497200012 -6.914862638041086e-08 0.0 0.0 0.0 1.0  </matrix>
							<node id="id-bone-12" sid="id-skelbones-2-9" name="Lleg.R" type="JOINT">
								<matrix sid="transform"> -1.0 -1.1332016214282703e-07 -2.592900045783608e-07 -7.85053302365668e-08 2.724009391386062e-07 -0.13739830255508423 -0.9905157685279846 1.2540485858917236 7.661942902359442e-08 -0.9905155897140503 0.13739845156669617 -4.1079871948568325e-08 0.0 0.0 0.0 1.0  </matrix>
								<node id="id-bone-13" sid="id-skelbones-2-10" name="foot.R" type="JOINT">
									<matrix sid="transform"> -1.0 5.960465898624534e-08 3.7536898389589624e-07 -1.6354159981801786e-07 -1.1426613610865388e-07 0.8947871923446655 -0.4464929699897766 1.6769545078277588 -3.624884072905843e-07 -0.4464929401874542 -0.8947872519493103 -3.579575036383176e-08 0.0 0.0 0.0 1.0  </matrix>
								</node>
							</node>
						</node>
					</node>
				</node>
			</node>
		</node>
	</visual_scene>
</library_visual_scenes>
<library_animations>
	<animation id="id-anim-14">
		<source id="id-anim-14-input">
			<float_array id="id-anim-14-input-array" count="80"> 0.0 0.016666666666666666 0.03333333333333334 0.05 0.06666666666666667 0.08333333333333334 0.1 0.11666666666666667 0.13333333333333333 0.15 0.16666666666666666 0.18333333333333335 0.2 0.21666666666666667 0.23333333333333334 0.25 0.26666666666666666 0.2833333333333333 0.3 0.31666666666666665 0.3333333333333333 0.35 0.36666666666666664 0.38333333333333336 0.4 0.4166666666666667 0.43333333333333335 0.45 0.4666666666666667 0.48333333333333334 0.49999999999999994 0.5166666666666666 0.5333333333333333 0.5499999999999999 0.5666666666666667 0.5833333333333333 0.6 0.6166666666666666 0.6333333333333333 0.6499999999999999 0.6666666666666666 0.6833333333333332 0.7 0.7166666666666666 0.7333333333333333 0.7499999999999999 0.7666666666666666 0.7833333333333333 0.7999999999999999 0.8166666666666667 0.8333333333333333 0.85 0.8666666666666666 0.8833333333333333 0.8999999999999999 0.9166666666666666 0.9333333333333332 0.95 0.9666666666666666 0.9833333333333333 0.9999999999999999 1.0166666666666666 1.0333333333333334 1.05 1.0666666666666667 1.0833333333333335 1.1 1.1166666666666667 1.1333333333333333 1.1500000000000001 1.1666666666666667 1.1833333333333333 1.2 1.2166666666666668 1.2333333333333334 1.25 1.2666666666666666 1.2833333333333334 1.3 1.3166666666666667</float_array>
			<technique_common>
				<accessor source="#id-anim-14-input-array" count="80" stride="1">
					<param name="TIME" type="float"/>
				</accessor>
			</technique_common>
		</source>
		<source id="id-anim-14-transform-output">
			<float_array id="id-anim-14-transform-output-array" count="1280">  1.0 0.0 2.3841852225814364e-07 -1.1102230246251565e-16 2.381836736731202e-07 0.0443757027387619 -0.9990148544311523 0.6996904015541077 -1.0579991105430508e-08 0.9990148544311523 0.04437577724456787 3.5510778427124023 0.0 0.0 0.0 1.0    1.0 0.0 2.3841852225814364e-07 -1.136812866064929e-11 2.381836736731202e-07 0.0443757027387619 -0.9990148544311523 0.6996904015541077 -1.0579991105430508e-08 0.9990148544311523 0.04437577724456787 3.5500032901763916 0.0 0.0 0.0 1.0    1.0 0.0 2.3841852225814364e-07 -4.683975429742304e-11 2.381836736731202e-07 0.0443757027387619 -0.9990148544311523 0.6996904015541077 -1.0579991105430508e-08 0.9990148544311523 0.04437577724456787 3.5466506481170654 0.0 0.0 0.0 1.0    1.0 0.0 2.3841852225814364e-07 -1.0745859757577136e-10 2.381836736731202e-07 0.0443757027387619 -0.9990148544311523 0.6996904015541077 -1.0579991105430508e-08 0.9990148544311523 0.04437577724456787 3.5409209728240967 0.0 0.0 0.0 1.0    1.0 0.0 2.3841852225814364e-07 -1.920984482595145e-10 2.381836736731202e-07 0.0443757027387619 -0.9990148544311523 0.6996904015541077 -1.0579991105430508e-08 0.9990148544311523 0.04437577724456787 3.532921075820923 0.0 0.0 0.0 1.0    1.0 0.0 2.3841852225814364e-07 -2.9668589807130274e-10 2.381836736731202e-07 0.0443757027387619 -0.9990148544311523 0.6996904015541077 -1.0579991105430508e-08 0.9990148544311523 0.04437577724456787 3.523035764694214 0.0 0.0 0.0 1.0    1.0 0.0 2.3841852225814364e-07 -4.143835274916796e-10 2.381836736731202e-07 0.0443757027387619 -0.9990148544311523 0.6996904015541077 -1.0579991105430508e-08 0.9990148544311523 0.04437577724456787 3.511911153793335 0.0 0.0 0.0 1.0    1.0 0.0 2.3841852225814364e-07 -5.370350830702364e-10 2.381836736731202e-07 0.0443757027387619 -0.9990148544311523 0.6996904015541077 -1.0579991105430508e-08 0.9990148544311523 0.04437577724456787 3.5003182888031006 0.0 0.0 0.0 1.0    1.0 0.0 2.3841852225814364e-07 -6.571330146698529e-10 2.381836736731202e-07 0.0443757027387619 -0.9990148544311523 0.6996904015541077 -1.0579991105430508e-08 0.9990148544311523 0.04437577724456787 3.488966941833496 0.0 0.0 0.0 1.0    1.0 0.0 2.3841852225814364e-07 -7.691565162559755e-10 2.381836736731202e-07 0.0443757027387619 -0.9990148544311523 0.6996904015541077 -1.0579991105430508e-08 0.9990148544311523 0.04437577724456787 3.4783787727355957 0.0 0.0 0.0 1.0    1.0 0.0 2.3841852225814364e-07 -4.332724401479027e-09 2.381836736731202e-07 0.0443757027387619 -0.9990148544311523 0.6996904015541077 -1.0579991105430508e-08 0.9990148544311523 0.04437577724456787 3.4688618183135986 0.0 0.0 0.0 1.0    1.0 0.0 2.3841852225814364e-07 -4.436709666322258e-09 2.381836736731202e-07 0.0443757027387619 -0.9990148544311523 0.6996904015541077 -1.0579991105430508e-08 0.9990148544311523 0.04437577724456787 3.459033250808716 0.0 0.0 0.0 1.0    1.0 0.0 2.3841852225814364e-07 -4.5586565633470855e-09 2.381836736731202e-07 0.0443757027387619 -0.9990148544311523 0.6996904015541077 -1.0579991105430508e-08 0.9990148544311523 0.04437577724456787 3.44750714302063 0.0 0.0 0.0 1.0    1.0 0.0 2.3841852225814364e-07 -4.694889366163579e-09 2.381836736731202e-07 0.0443757027387619 -0.9990148544311523 0.6996904015541077 -1.0579991105430508e-08 0.9990148544311523 0.04437577724456787 3.4346306324005127 0.0 0.0 0.0 1.0    1.0 0.0 2.3841852225814364e-07 -4.838645040194933e-09 2.381836736731202e-07 0.0443757027387619 -0.9990148544311523 0.6996904015541077 -1.0579991105430508e-08 0.9990148544311523 0.04437577724456787 3.4210431575775146 0.0 0.0 0.0 1.0    1.0 0.0 2.3841852225814364e-07 -4.980249102004564e-09 2.381836736731202e-07 0.0443757027387619 -0.9990148544311523 0.6996904015541077 -1.0579991105430508e-08 0.9990148544311523 0.04437577724456787 3.4076590538024902 0.0 0.0 0.0 1.0    1.0 0.0 2.3841852225814364e-07 -5.10874409442863e-09 2.381836736731202e-07 0.0443757027387619 -0.9990148544311523 0.6996904015541077 -1.0579991105430508e-08 0.9990148544311523 0.04437577724456787 3.3955140113830566 0.0 0.0 0.0 1.0    1.0 0.0 2.3841852225814364e-07 -5.214487508453658e-09 2.381836736731202e-07 0.0443757027387619 -0.9990148544311523 0.6996904015541077 -1.0579991105430508e-08 0.9990148544311523 0.04437577724456787 3.38551926612854 0.0 0.0 0.0 1.0    1.0 0.0 2.3841852225814364e-07 -5.291241222948884e-09 2.381836736731202e-07 0.0443757027387619 -0.9990148544311523 0.6996904015541077 -1.0579991105430508e-08 0.9990148544311523 0.04437577724456787 3.3782646656036377 0.0 0.0 0.0 1.0    1.0 0.0 2.3841852225814364e-07 -5.336636021979757e-09 2.381836736731202e-07 0.0443757027387619 -0.9990148544311523 0.6996904015541077 -1.0579991105430508e-08 0.9990148544311523 0.04437577724456787 3.373974084854126 0.0 0.0 0.0 1.0    1.0 0.0 2.3841852225814364e-07 -6.369877958434245e-09 2.381836736731202e-07 0.0443757027387619 -0.9990148544311523 0.6996904015541077 -1.0579991105430508e-08 0.9990148544311523 0.04437577724456787 3.3725879192352295 0.0 0.0 0.0 1.0    1.0 0.0 2.3841852225814364e-07 -6.286454912185491e-09 2.381836736731202e-07 0.0443757027387619 -0.9990148544311523 0.6996904015541077 -1.0579991105430508e-08 0.9990148544311523 0.04437577724456787 3.3804728984832764 0.0 0.0 0.0 1.0    1.0 0.0 2.3841852225814364e-07 -6.030369981147032e-09 2.381836736731202e-07 0.0443757027387619 -0.9990148544311523 0.6996904015541077 -1.0579991105430508e-08 0.9990148544311523 0.04437577724456787 3.404677629470825 0.0 0.0 0.0 1.0    1.0 0.0 2.3841852225814364e-07 -5.627484256365278e-09 2.381836736731202e-07 0.0443757027387619 -0.9990148544311523 0.6996904015541077 -1.0579991105430508e-08 0.9990148544311523 0.04437577724456787 3.4427576065063477 0.0 0.0 0.0 1.0    1.0 0.0 2.3841852225814364e-07 -5.157219984397443e-09 2.381836736731202e-07 0.0443757027387619 -0.9990148544311523 0.6996904015541077 -1.0579991105430508e-08 0.9990148544311523 0.04437577724456787 3.487205982208252 0.0 0.0 0.0 1.0    1.0 0.0 2.3841852225814364e-07 -4.715932977461534e-09 2.381836736731202e-07 0.0443757027387619 -0.9990148544311523 0.6996904015541077 -1.0579991105430508e-08 0.9990148544311523 0.04437577724456787 3.5289156436920166 0.0 0.0 0.0 1.0    1.0 0.0 2.3841852225814364e-07 -4.365675820849901e-09 2.381836736731202e-07 0.0443757027387619 -0.9990148544311523 0.6996904015541077 -1.0579991105430508e-08 0.9990148544311523 0.04437577724456787 3.562021255493164 0.0 0.0 0.0 1.0    1.0 0.0 2.3841852225814364e-07 -4.033299916272881e-09 2.381836736731202e-07 0.0443757027387619 -0.9990148544311523 0.6996904015541077 -1.0579991105430508e-08 0.9990148544311523 0.04437577724456787 3.5934367179870605 0.0 0.0 0.0 1.0    1.0 0.0 2.3841852225814364e-07 -3.6780007928172154e-09 2.381836736731202e-07 0.0443757027387619 -0.9990148544311523 0.6996904015541077 -1.0579991105430508e-08 0.9990148544311523 0.04437577724456787 3.627018928527832 0.0 0.0 0.0 1.0    1.0 0.0 2.3841852225814364e-07 -3.4209515220595677e-09 2.381836736731202e-07 0.0443757027387619 -0.9990148544311523 0.6996904015541077 -1.0579991105430508e-08 0.9990148544311523 0.04437577724456787 3.6513147354125977 0.0 0.0 0.0 1.0    1.0 0.0 2.3841852225814364e-07 -3.033264750484932e-10 2.381836736731202e-07 0.0443757027387619 -0.9990148544311523 0.6996904015541077 -1.0579991105430508e-08 0.9990148544311523 0.04437577724456787 3.659287214279175 0.0 0.0 0.0 1.0    1.0 0.0 2.3841852225814364e-07 -3.202619280884278e-10 2.381836736731202e-07 0.0443757027387619 -0.9990148544311523 0.6996904015541077 -1.0579991105430508e-08 0.9990148544311523 0.04437577724456787 3.657686471939087 0.0 0.0 0.0 1.0    1.0 0.0 2.3841852225814364e-07 -3.7257325002926223e-10 2.381836736731202e-07 0.0443757027387619 -0.9990148544311523 0.6996904015541077 -1.0579991105430508e-08 0.9990148544311523 0.04437577724456787 3.6527421474456787 0.0 0.0 0.0 1.0    1.0 0.0 2.3841852225814364e-07 -4.607693948610603e-10 2.381836736731202e-07 0.0443757027387619 -0.9990148544311523 0.6996904015541077 -1.0579991105430508e-08 0.9990148544311523 0.04437577724456787 3.6444060802459717 0.0 0.0 0.0 1.0    1.0 0.0 2.3841852225814364e-07 -5.818371340282624e-10 2.381836736731202e-07 0.0443757027387619 -0.9990148544311523 0.6996904015541077 -1.0579991105430508e-08 0.9990148544311523 0.04437577724456787 3.632962942123413 0.0 0.0 0.0 1.0    1.0 0.0 2.3841852225814364e-07 -7.282733305302713e-10 2.381836736731202e-07 0.0443757027387619 -0.9990148544311523 0.6996904015541077 -1.0579991105430508e-08 0.9990148544311523 0.04437577724456787 3.61912202835083 0.0 0.0 0.0 1.0    1.0 0.0 2.3841852225814364e-07 -8.886962832299616e-10 2.381836736731202e-07 0.0443757027387619 -0.9990148544311523 0.6996904015541077 -1.0579991105430508e-08 0.9990148544311523 0.04437577724456787 3.603959321975708 0.0 0.0 0.0 1.0    1.0 0.0 2.3841852225814364e-07 -1.0503176106624323e-09 2.381836736731202e-07 0.0443757027387619 -0.9990148544311523 0.6996904015541077 -1.0579991105430508e-08 0.9990148544311523 0.04437577724456787 3.5886831283569336 0.0 0.0 0.0 1.0    1.0 0.0 2.3841852225814364e-07 -1.20197007902334e-09 2.381836736731202e-07 0.0443757027387619 -0.9990148544311523 0.6996904015541077 -1.0579991105430508e-08 0.9990148544311523 0.04437577724456787 3.5743491649627686 0.0 0.0 0.0 1.0    1.0 0.0 2.3841852225814364e-07 -1.3359522377243138e-09 2.381836736731202e-07 0.0443757027387619 -0.9990148544311523 0.6996904015541077 -1.0579991105430508e-08 0.9990148544311523 0.04437577724456787 3.561685562133789 0.0 0.0 0.0 1.0    1.0 0.0 2.3841852225814364e-07 -2.5930346758684664e-09 2.381836736731202e-07 0.0443757027387619 -0.9990148544311523 0.6996904015541077 -1.0579991105430508e-08 0.9990148544311523 0.04437577724456787 3.5510778427124023 0.0 0.0 0.0 1.0    1.0 0.0 2.3841852225814364e-07 -2.6912507777865358e-09 2.381836736731202e-07 0.0443757027387619 -0.9990148544311523 0.6996904015541077 -1.0579991105430508e-08 0.9990148544311523 0.04437577724456787 3.541794776916504 0.0 0.0 0.0 1.0    1.0 0.0 2.3841852225814364e-07 -2.7843203298516528e-09 2.381836736731202e-07 0.0443757027387619 -0.9990148544311523 0.6996904015541077 -1.0579991105430508e-08 0.9990148544311523 0.04437577724456787 3.5329978466033936 0.0 0.0 0.0 1.0    1.0 0.0 2.3841852225814364e-07 -2.8723947664843763e-09 2.381836736731202e-07 0.0443757027387619 -0.9990148544311523 0.6996904015541077 -1.0579991105430508e-08 0.9990148544311523 0.04437577724456787 3.5246732234954834 0.0 0.0 0.0 1.0    1.0 0.0 2.3841852225814364e-07 -2.956212385996082e-09 2.381836736731202e-07 0.0443757027387619 -0.9990148544311523 0.6996904015541077 -1.0579991105430508e-08 0.9990148544311523 0.04437577724456787 3.5167510509490967 0.0 0.0 0.0 1.0    1.0 0.0 2.3841852225814364e-07 -3.037200713151833e-09 2.381836736731202e-07 0.0443757027387619 -0.9990148544311523 0.6996904015541077 -1.0579991105430508e-08 0.9990148544311523 0.04437577724456787 3.509096145629883 0.0 0.0 0.0 1.0    1.0 0.0 2.3841852225814364e-07 -3.117312630251945e-09 2.381836736731202e-07 0.0443757027387619 -0.9990148544311523 0.6996904015541077 -1.0579991105430508e-08 0.9990148544311523 0.04437577724456787 3.5015242099761963 0.0 0.0 0.0 1.0    1.0 0.0 2.3841852225814364e-07 -3.1985887272156788e-09 2.381836736731202e-07 0.0443757027387619 -0.9990148544311523 0.6996904015541077 -1.0579991105430508e-08 0.9990148544311523 0.04437577724456787 3.493842124938965 0.0 0.0 0.0 1.0    1.0 0.0 2.3841852225814364e-07 -3.28268567884038e-09 2.381836736731202e-07 0.0443757027387619 -0.9990148544311523 0.6996904015541077 -1.0579991105430508e-08 0.9990148544311523 0.04437577724456787 3.485893487930298 0.0 0.0 0.0 1.0    1.0 0.0 2.3841852225814364e-07 -3.3706364366281605e-09 2.381836736731202e-07 0.0443757027387619 -0.9990148544311523 0.6996904015541077 -1.0579991105430508e-08 0.9990148544311523 0.04437577724456787 3.4775805473327637 0.0 0.0 0.0 1.0    1.0 0.0 2.3841852225814364e-07 1.120651102687905e-26 2.381836736731202e-07 0.0443757027387619 -0.9990148544311523 0.6996904015541077 -1.0579991105430508e-08 0.9990148544311523 0.04437577724456787 3.4688618183135986 0.0 0.0 0.0 1.0    1.0 0.0 2.3841852225814364e-07 -1.0398526484323156e-10 2.381836736731202e-07 0.0443757027387619 -0.9990148544311523 0.6996904015541077 -1.0579991105430508e-08 0.9990148544311523 0.04437577724456787 3.459033250808716 0.0 0.0 0.0 1.0    1.0 0.0 2.3841852225814364e-07 -2.2593216186805876e-10 2.381836736731202e-07 0.0443757027387619 -0.9990148544311523 0.6996904015541077 -1.0579991105430508e-08 0.9990148544311523 0.04437577724456787 3.44750714302063 0.0 0.0 0.0 1.0    1.0 0.0 2.3841852225814364e-07 -3.621649646845526e-10 2.381836736731202e-07 0.0443757027387619 -0.9990148544311523 0.6996904015541077 -1.0579991105430508e-08 0.9990148544311523 0.04437577724456787 3.4346306324005127 0.0 0.0 0.0 1.0    1.0 0.0 2.3841852225814364e-07 -5.059204166713016e-10 2.381836736731202e-07 0.0443757027387619 -0.9990148544311523 0.6996904015541077 -1.0579991105430508e-08 0.9990148544311523 0.04437577724456787 3.4210431575775146 0.0 0.0 0.0 1.0    1.0 0.0 2.3841852225814364e-07 -6.475249225701418e-10 2.381836736731202e-07 0.0443757027387619 -0.9990148544311523 0.6996904015541077 -1.0579991105430508e-08 0.9990148544311523 0.04437577724456787 3.4076590538024902 0.0 0.0 0.0 1.0    1.0 0.0 2.3841852225814364e-07 -7.760192488603934e-10 2.381836736731202e-07 0.0443757027387619 -0.9990148544311523 0.6996904015541077 -1.0579991105430508e-08 0.9990148544311523 0.04437577724456787 3.3955140113830566 0.0 0.0 0.0 1.0    1.0 0.0 2.3841852225814364e-07 -8.817628849300263e-10 2.381836736731202e-07 0.0443757027387619 -0.9990148544311523 0.6996904015541077 -1.0579991105430508e-08 0.9990148544311523 0.04437577724456787 3.38551926612854 0.0 0.0 0.0 1.0    1.0 0.0 2.3841852225814364e-07 -9.58516821469857e-10 2.381836736731202e-07 0.0443757027387619 -0.9990148544311523 0.6996904015541077 -1.0579991105430508e-08 0.9990148544311523 0.04437577724456787 3.3782646656036377 0.0 0.0 0.0 1.0    1.0 0.0 2.3841852225814364e-07 -1.0039113984561254e-09 2.381836736731202e-07 0.0443757027387619 -0.9990148544311523 0.6996904015541077 -1.0579991105430508e-08 0.9990148544311523 0.04437577724456787 3.373974084854126 0.0 0.0 0.0 1.0    1.0 0.0 2.3841852225814364e-07 -2.220446049250313e-16 2.381836736731202e-07 0.0443757027387619 -0.9990148544311523 0.6996904015541077 -1.0579991105430508e-08 0.9990148544311523 0.04437577724456787 3.3725879192352295 0.0 0.0 0.0 1.0    1.0 0.0 2.3841852225814364e-07 8.342304624875396e-11 2.381836736731202e-07 0.0443757027387619 -0.9990148544311523 0.6996904015541077 -1.0579991105430508e-08 0.9990148544311523 0.04437577724456787 3.3804728984832764 0.0 0.0 0.0 1.0    1.0 0.0 2.3841852225814364e-07 3.395081993318172e-10 2.381836736731202e-07 0.0443757027387619 -0.9990148544311523 0.6996904015541077 -1.0579991105430508e-08 0.9990148544311523 0.04437577724456787 3.404677629470825 0.0 0.0 0.0 1.0    1.0 0.0 2.3841852225814364e-07 7.423934800243615e-10 2.381836736731202e-07 0.0443757027387619 -0.9990148544311523 0.6996904015541077 -1.0579991105430508e-08 0.9990148544311523 0.04437577724456787 3.4427576065063477 0.0 0.0 0.0 1.0    1.0 0.0 2.3841852225814364e-07 1.2126579740368015e-09 2.381836736731202e-07 0.0443757027387619 -0.9990148544311523 0.6996904015541077 -1.0579991105430508e-08 0.9990148544311523 0.04437577724456787 3.487205982208252 0.0 0.0 0.0 1.0    1.0 0.0 2.3841852225814364e-07 1.6539448699504078e-09 2.381836736731202e-07 0.0443757027387619 -0.9990148544311523 0.6996904015541077 -1.0579991105430508e-08 0.9990148544311523 0.04437577724456787 3.5289156436920166 0.0 0.0 0.0 1.0    1.0 0.0 2.3841852225814364e-07 2.0042021375843433e-09 2.381836736731202e-07 0.0443757027387619 -0.9990148544311523 0.6996904015541077 -1.0579991105430508e-08 0.9990148544311523 0.04437577724456787 3.562021255493164 0.0 0.0 0.0 1.0    1.0 0.0 2.3841852225814364e-07 2.3365780421613636e-09 2.381836736731202e-07 0.0443757027387619 -0.9990148544311523 0.6996904015541077 -1.0579991105430508e-08 0.9990148544311523 0.04437577724456787 3.5934367179870605 0.0 0.0 0.0 1.0    1.0 0.0 2.3841852225814364e-07 2.6918771656170293e-09 2.381836736731202e-07 0.0443757027387619 -0.9990148544311523 0.6996904015541077 -1.0579991105430508e-08 0.9990148544311523 0.04437577724456787 3.627018928527832 0.0 0.0 0.0 1.0    1.0 0.0 2.3841852225814364e-07 2.948926436374677e-09 2.381836736731202e-07 0.0443757027387619 -0.9990148544311523 0.6996904015541077 -1.0579991105430508e-08 0.9990148544311523 0.04437577724456787 3.6513147354125977 0.0 0.0 0.0 1.0    1.0 0.0 2.3841852225814364e-07 -1.249000902703301e-16 2.381836736731202e-07 0.0443757027387619 -0.9990148544311523 0.6996904015541077 -1.0579991105430508e-08 0.9990148544311523 0.04437577724456787 3.659287214279175 0.0 0.0 0.0 1.0    1.0 0.0 2.3841852225814364e-07 -2.5380544887987355e-11 2.381836736731202e-07 0.0443757027387619 -0.9990148544311523 0.6996904015541077 -1.0579991105430508e-08 0.9990148544311523 0.04437577724456787 3.656888246536255 0.0 0.0 0.0 1.0    1.0 0.0 2.3841852225814364e-07 -1.0176498532743494e-10 2.381836736731202e-07 0.0443757027387619 -0.9990148544311523 0.6996904015541077 -1.0579991105430508e-08 0.9990148544311523 0.04437577724456787 3.6496686935424805 0.0 0.0 0.0 1.0    1.0 0.0 2.3841852225814364e-07 -2.2596177706724063e-10 2.381836736731202e-07 0.0443757027387619 -0.9990148544311523 0.6996904015541077 -1.0579991105430508e-08 0.9990148544311523 0.04437577724456787 3.637929677963257 0.0 0.0 0.0 1.0    1.0 0.0 2.3841852225814364e-07 -3.884052524050219e-10 2.381836736731202e-07 0.0443757027387619 -0.9990148544311523 0.6996904015541077 -1.0579991105430508e-08 0.9990148544311523 0.04437577724456787 3.6225759983062744 0.0 0.0 0.0 1.0    1.0 0.0 2.3841852225814364e-07 -5.72427216738447e-10 2.381836736731202e-07 0.0443757027387619 -0.9990148544311523 0.6996904015541077 -1.0579991105430508e-08 0.9990148544311523 0.04437577724456787 3.605182647705078 0.0 0.0 0.0 1.0    1.0 0.0 2.3841852225814364e-07 -7.564492365830233e-10 2.381836736731202e-07 0.0443757027387619 -0.9990148544311523 0.6996904015541077 -1.0579991105430508e-08 0.9990148544311523 0.04437577724456787 3.5877890586853027 0.0 0.0 0.0 1.0    1.0 0.0 2.3841852225814364e-07 -9.188927951875314e-10 2.381836736731202e-07 0.0443757027387619 -0.9990148544311523 0.6996904015541077 -1.0579991105430508e-08 0.9990148544311523 0.04437577724456787 3.5724353790283203 0.0 0.0 0.0 1.0    1.0 0.0 2.3841852225814364e-07 -1.0430891705937029e-09 2.381836736731202e-07 0.0443757027387619 -0.9990148544311523 0.6996904015541077 -1.0579991105430508e-08 0.9990148544311523 0.04437577724456787 3.560696601867676 0.0 0.0 0.0 1.0    1.0 0.0 2.3841852225814364e-07 -1.1194738469555432e-09 2.381836736731202e-07 0.0443757027387619 -0.9990148544311523 0.6996904015541077 -1.0579991105430508e-08 0.9990148544311523 0.04437577724456787 3.5534768104553223 0.0 0.0 0.0 1.0  </float_array>
			<technique_common>
				<accessor source="#id-anim-14-transform-output-array" count="80" stride="16">
					<param name="TRANSFORM" type="float4x4"/>
				</accessor>
			</technique_common>
		</source>
		<source id="id-anim-14-interpolation-output">
			<Name_array id="id-anim-14-interpolation-output-array" count="80"> LINEAR LINEAR LINEAR LINEAR LINEAR LINEAR LINEAR LINEAR LINEAR LINEAR LINEAR LINEAR LINEAR LINEAR LINEAR LINEAR LINEAR LINEAR LINEAR LINEAR LINEAR LINEAR LINEAR LINEAR LINEAR LINEAR LINEAR LINEAR LINEAR LINEAR LINEAR LINEAR LINEAR LINEAR LINEAR LINEAR LINEAR LINEAR LINEAR LINEAR LINEAR LINEAR LINEAR LINEAR LINEAR LINEAR LINEAR LINEAR LINEAR LINEAR LINEAR LINEAR LINEAR LINEAR LINEAR LINEAR LINEAR LINEAR LINEAR LINEAR LINEAR LINEAR LINEAR LINEAR LINEAR LINEAR LINEAR LINEAR LINEAR LINEAR LINEAR LINEAR LINEAR LINEAR LINEAR LINEAR LINEAR LINEAR LINEAR LINEAR</Name_array>
			<technique_common>
				<accessor source="#id-anim-14-interpolation-output-array" count="80" stride="1">
					<param name="INTERPOLATION" type="Name"/>
				</accessor>
			</technique_common>
		</source>
		<sampler id="id-anim-14-sampler">
			<input semantic="INPUT" source="#id-anim-14-input"/>
			<input semantic="OUTPUT" source="#id-anim-14-transform-output"/>
			<input semantic="INTERPOLATION" source="#id-anim-14-interpolation-output"/>
		</sampler>
		<channel source="#id-anim-14-sampler" target="id-bone-3/transform"/>
	</animation>
	<animation id="id-anim-15">
		<source id="id-anim-15-input">
			<float_array id="id-anim-15-input-array" count="80"> 0.0 0.016666666666666666 0.03333333333333334 0.05 0.06666666666666667 0.08333333333333334 0.1 0.11666666666666667 0.13333333333333333 0.15 0.16666666666666666 0.18333333333333335 0.2 0.21666666666666667 0.23333333333333334 0.25 0.26666666666666666 0.2833333333333333 0.3 0.31666666666666665 0.3333333333333333 0.35 0.36666666666666664 0.38333333333333336 0.4 0.4166666666666667 0.43333333333333335 0.45 0.4666666666666667 0.48333333333333334 0.49999999999999994 0.5166666666666666 0.5333333333333333 0.5499999999999999 0.5666666666666667 0.5833333333333333 0.6 0.6166666666666666 0.6333333333333333 0.6499999999999999 0.6666666666666666 0.6833333333333332 0.7 0.7166666666666666 0.7333333333333333 0.7499999999999999 0.7666666666666666 0.7833333333333333 0.7999999999999999 0.8166666666666667 0.8333333333333333 0.85 0.8666666666666666 0.8833333333333333 0.8999999999999999 0.9166666666666666 0.9333333333333332 0.95 0.9666666666666666 0.9833333333333333 0.9999999999999999 1.0166666666666666 1.0333333333333334 1.05 1.0666666666666667 1.0833333333333335 1.1 1.1166666666666667 1.1333333333333333 1.1500000000000001 1.1666666666666667 1.1833333333333333 1.2 1.2166666666666668 1.2333333333333334 1.25 1.2666666666666666 1.2833333333333334 1.3 1.3166666666666667</float_array>
			<technique_common>
				<accessor source="#id-anim-15-input-array" count="80" stride="1">
					<param name="TIME" type="float"/>
				</accessor>
			</technique_common>
		</source>
		<source id="id-anim-15-transform-output">
